5839
2251
4156
4909
433
2302
6883
2996
727
9798
3102
399
744
3992
4259
7415
5874
7111
90
4597
6701
5482
9518
1351
4031
1917
3383
9228
9997
794
1543
4444
1359
516
7852
6186
1571
674
172
3699
8736
7453
8341
9419
9456
9691
8928
4548
5466
2195
8362
9360
5497
2124
2622
5211
3316
6987
9694
5934
5436
4737
1359
7559
5605
5308
5433
5231
2456
1389
9437
2697
2227
65
6307
9767
8196
180
1635
7689
9643
9747
6520
1128
3664
4844
2957
1464
9387
2230
398
1260
2835
6977
1292
4140
3422
9986
6800
767
1937
7097
3922
9585
9976
6767
5730
9287
9048
4686
6486
1481
9877
5591
7076
8979
9188
8581
9972
2120
2647
4525
7076
2758
1671
7418
7629
2900
4650
1380
9532
2434
1950
6264
3229
8540
9387
8377
7643
4981
8124
2450
9600
1917
7615
7111
7506
853
3071
1137
1981
3417
7956
8728
3028
4758
2443
6367
6354
5075
9413
8155
5985
8962
9101
4677
926
9639
7720
6011
8725
1145
4182
5358
5008
1332
4238
1897
7854
7659
3192
1102
8106
9920
8460
1129
946
9095
5771
7660
599
9062
1476
4482
965
4410
6809
716
362
2122
8076
230
5258
3935
8760
7395
8169
1376
6663
4820
533
5152
4914
9772
1522
618
8738
4658
932
8530
7110
9726
4746
2772
3994
9507
8928
1880
4735
3297
5609
6356
6120
7323
6111
1975
8476
2261
8529
4355
208
6313
2021
6600
9282
5071
5423
493
946
1443
3389
1265
212
8213
2960
9309
5382
7148
1339
5363
8928
7171
6225
1772
5596
6102
574
3585
9473
9292
2764
2545
4674
8660
1492
9782
3642
2518
8486
8685
7998
9298
8469
6033
2443
5721
3899
7045
4075
3986
8918
8594
5574
2687
3670
1699
5220
6745
8904
276
2778
1471
7246
1987
3374
482
4095
535
8466
6213
3749
2308
7395
8124
179
1336
7923
2813
437
3020
9964
4669
2175
9983
3803
9897
9844
8297
3851
3259
7143
6091
5839
6506
7274
7860
5271
3659
923
6143
8017
7340
9692
1999
1419
3660
177
4053
1338
6129
4880
7719
7512
1270
4135
4498
9759
9768
866
2687
2851
6794
4022
3270
803
2582
7458
3647
7961
673
3961
6569
558
3664
9140
7863
6706
150
8088
583
9205
9954
8950
3063
7508
2533
3570
6892
5440
9280
298
8002
9818
9164
7834
6481
5452
9733
5355
6865
723
3892
6574
729
5952
5166
5397
8651
9157
1588
7040
1816
270
6534
6145
5074
6798
7159
6823
4271
4214
8060
2331
4866
3390
650
1122
1809
5056
5790
9742
9614
1923
3073
4329
4063
462
6777
8756
6306
8054